7 7 0
10 10 0
5 5 0
6 6 0
5 5 0
6 6 0
6 6 0
8 8 0
8 8 0
10 10 0
90 90 0
6 6 0
6 6 0
12 12 0
2 2 0
-1 15 0
-1 12 0
6 6 0
2 2 0
-1 89 0
18 18 0
8 8 0
-1 12 0
19 19 0
26 26 0
4 4 0
26 26 0
5 5 0
36 36 0
2 2 0
2 2 0
2 2 0
2 2 0
2 2 0
2 2 0
2 2 0
2 2 0
2 2 0
2 2 0
2 2 0
2 2 0
2 2 0
2 2 0
2 2 0
2 2 0
2 2 0
2 2 0
2 2 0
2 2 0
2 2 0
2 2 0
2 2 0
2 2 0
2 2 0
2 2 0
2 2 0
2 2 0
2 2 0
2 2 0
2 2 0
2 2 0
2 2 0
2 2 0
2 2 0
2 2 0
2 2 0
2 2 0
2 2 0
2 2 0
2 2 0
2 2 0
2 2 0
2 2 0
2 2 0
2 2 0
2 2 0
2 2 0
2 2 0
2 2 0
2 2 0
2 2 0
2 2 0
2 2 0
2 2 0
2 2 0
2 2 0
2 2 0
2 2 0
2 2 0
2 2 0
2 2 0
2 2 0
2 2 0
2 2 0
2 2 0
2 2 0
2 2 0
2 2 0
2 2 0
2 2 0
2 2 0
2 2 0
2 2 0
2 2 0
2 2 0
2 2 0
2 2 0
2 2 0
2 2 0
2 2 0
2 2 0
2 2 0
2 2 0
2 2 0
2 2 0
2 2 0
2 2 0
2 2 0
2 2 0
2 2 0
2 2 0
2 2 0
2 2 0
2 2 0
2 2 0
2 2 0
2 2 0
2 2 0
2 2 0
2 2 0
2 2 0
2 2 0
2 2 0
2 2 0
2 2 0
2 2 0
2 2 0
2 2 0
2 2 0
2 2 0
2 2 0
2 2 0
2 2 0
2 2 0
2 2 0
2 2 0
2 2 0
2 2 0
2 2 0
2 2 0
2 2 0
2 2 0
2 2 0
2 2 0
2 2 0
2 2 0
2 2 0
2 2 0
2 2 0
2 2 0
2 2 0
2 2 0
2 2 0
2 2 0
2 2 0
2 2 0
2 2 0
2 2 0
2 2 0
2 2 0
2 2 0
2 2 0
2 2 0
2 2 0
2 2 0
2 2 0
2 2 0
2 2 0
2 2 0
2 2 0
2 2 0
2 2 0
2 2 0
2 2 0
2 2 0
2 2 0
2 2 0
2 2 0
2 2 0
2 2 0
2 2 0
2 2 0
2 2 0
2 2 0
2 2 0
2 2 0
2 2 0
6 6 0
3 3 0
4 4 0
2 2 1
55 55 0
-1 47 0
23 23 0
2 2 0
-1 4 0
47 47 0
48 48 0
18 18 0
-1 4 0
26 26 0
2 2 0
3 3 0
17 17 0
3 3 0
37 37 0
31 31 0
-1 4 0
-1 4 0
3 3 0
126 126 0
3 3 0
28 28 0
46 46 0
56 56 0
2 2 0
3 3 0
3 3 0
19 19 0
2 2 0
5 5 0
7 7 0
-1 4 0
6 6 0
2 2 0
7 7 0
-1 4 0
-1 4 0
5 5 0
6 6 0
2 2 0
6 6 0
6 6 0
8 8 0
6 6 0
4 4 0
7 7 0
6 6 0
3 3 0
2 2 0
5 5 0
3 3 0
2 2 0
7 7 0
-1 4 0
-1 4 0
-1 28 0
27 27 0
3 3 0
2 2 0
-1 15 0
14 14 0
-1 15 0
30 30 0
26 26 0
2 2 0
6 6 0
3 3 0
8 8 0
2 2 0
2 2 0
2 2 0
8 8 0
8 8 0
2 2 0
26 26 0
28 28 0
6 6 0
10 10 0
6 6 0
2 2 0
30 30 0
-1 4 0
4 4 0
10 10 0
10 10 0
2 2 0
20 20 0
2 2 0
8 8 0
8 8 0
8 8 0
8 8 0
2 2 0
2 2 0
-1 84 0
-1 85 0
-1 8 0
6 6 0
3 3 0
26 26 0
22 22 0
10 10 0
6 6 0
4 4 0
4 4 0
6 6 0
15 15 0
4 4 0
10 10 0
90 90 0
4 4 0
8 8 0
4 4 0
6 6 0
4 4 0
6 6 1
30 30 1
6 6 0
8 8 0
28 28 1
8 8 1
8 8 1
14 14 1
10 10 1
6 6 0
30 30 1
102 102 1
6 6 0
6 6 0
106 106 0
53 53 1
6 6 0
-1 4 1
2 2 0
6 6 1
6 6 0
110 110 1
114 114 1
6 6 0
-1 12 1
-1 4 0
-1 4 1
-1 4 1
-1 4 0
-1 4 1
6 6 0
54 54 0
66 66 1
54 54 0
90 90 1
42 42 0
6 6 1
42 42 1
-1 4 1
-1 4 0
-1 6 1
-1 4 1
-1 4 1
30 30 0
3 3 1
14 14 0
3 3 1
30 30 1
10 10 0
9 9 0
6 6 1
27 27 1
186 186 0
182 182 1
-1 4 0
-1 4 1
30 30 0
-1 4 1
3 3 1
14 14 0
3 3 1
30 30 1
10 10 0
43 43 1
43 43 1
14 14 1
20 20 1
14 14 0
30 30 1
10 10 0
3 3 1
-1 4 1
6 6 0
3 3 1
106 106 1
10 10 0
10 10 1
34 34 1
2 2 1
6 6 0
3 3 1
3 3 0
37 37 1
5 5 1
11 11 1
26 26 0
-1 4 1
4 4 0
4 4 0
6 6 0
10 10 1
3 3 0
11 11 1
7 7 1
26 26 0
26 26 0
26 26 0
26 26 0
2 2 0
14 14 1
10 10 1
35 35 1
-1 8 0
6 6 1
6 6 0
10 10 1
14 14 1
10 10 1
2 2 0
2 2 0
6 6 0
14 14 0
14 14 0
9 9 0
6 6 0
6 6 0
-1 4 1
10 10 0
26 26 1
11 11 1
34 34 1
14 14 0
36 36 1
10 10 1
32 32 1
26 26 0
26 26 0
42 42 1
6 6 1
6 6 1
2 2 0
2 2 0
2 2 0
282 282 1
282 282 1
282 282 1
284 284 1
10 10 1
10 10 1
10 10 1
12 12 1
6 6 1
4 4 0
6 6 0
6 6 0
66 66 1
6 6 0
-1 4 1
10 10 1
8 8 1
7 7 1
2 2 1
2 2 1
16 16 1
12 12 1
10 10 1
10 10 1
29 29 1
23 23 1
-1 8 1
-1 4 1
22 22 1
28 28 1
2 2 1
-1 32 1
3 3 1
-1 4 1
9 9 1
17 17 1
17 17 1
23 23 1
6 6 1
-1 4 1
-1 4 1
-1 4 1
-1 4 1
7 7 1
9 9 1
7 7 1
-1 4 1
6 6 1
8 8 1
8 8 1
3 3 0
-1 8 1
6 6 1
6 6 1
-1 8 1
6 6 1
44 44 1
5 5 1
7 7 1
6 6 1
8 8 1
6 6 1
-1 4 1
-1 4 1
3 3 1
3 3 1
3 3 1
4 4 1
4 4 1
-1 4 1
3 3 1
-1 17 1
6 6 1
3 3 1
-1 8 1
28 28 1
29 29 1
-1 17 1
30 30 1
26 26 1
3 3 1
19 19 1
5 5 1
3 3 1
2 2 1
3 3 1
2 2 1
6 6 1
21 21 1
8 8 1
2 2 1
3 3 1
-1 28 1
27 27 1
30 30 1
6 6 1
79 79 1
31 31 1
10 10 1
10 10 1
-1 8 1
4 4 1
6 6 1
6 6 1
2 2 1
11 11 1
-1 4 1
-1 8 1
-1 8 1
-1 6 1
10 10 1
39 39 1
31 31 1
35 35 1
18 18 1
13 13 1
15 15 1
15 15 1
68 68 1
3 3 1
16 16 1
6 6 1
14 14 1
-1 4 1
-1 4 1
21 21 1
8 8 1
2 2 1
3 3 1
4 4 1
86 86 1
6 6 1
-1 8 1
7 7 1
-1 8 1
6 6 1
16 16 1
4 4 1
4 4 1
4 4 1
6 6 1
24 24 1
14 14 1
6 6 1
23 23 1
19 19 1
39 39 1
8 8 1
-1 4 1
5 5 1
-1 4 1
7 7 1
8 8 1
4 4 1
4 4 0
29 29 1
-1 4 1
6 6 1
86 86 1
24 24 1
30 30 1
9 9 1
18 18 1
4 4 1
14 14 1
10 10 1
12 12 1
6 6 1
-1 4 1
-1 4 1
67 67 1
12 12 1
18 18 0
3 3 1
-1 16 1
22 22 1
22 22 1
13 13 1
97 97 1
9 9 1
4 4 1
11 11 1
54 54 1
58 58 1
53 53 1
57 57 1
60 60 1
65 65 1
33 33 1
30 30 1
34 34 1
2 2 1
26 26 1
81 81 1
6 6 1
10 10 1
26 26 1
-1 4 1
-1 4 1
-1 4 1
32 32 1
9 9 1
34 34 1
3 3 1
3 3 0
2 2 1
-1 4 1
5 5 1
18 18 0
18 18 0
9 9 0
11 11 0
6 6 0
12 12 1
71 71 1
62 62 0
-1 4 1
11 11 1
5 5 1
26 26 0
2 2 0
282 282 1
10 10 1
4 4 0
6 6 0
6 6 0
8 8 0
2 2 0
-1 8 1
6 6 0
-1 99 1
6 6 0
8 8 1
6 6 0
3 3 1
4 4 0
8 8 0
-1 68 0
3 3 1
70 70 1
4 4 0
8 8 0
12 12 0
6 6 0
10 10 0
3 3 1
34 34 0
-1 12 1
5 5 1
5 5 1
2 2 0
3 3 0
4 4 0
6 6 1
4 4 0
6 6 1
6 6 1
11 11 0
11 11 0
11 11 0
20 20 0
20 20 0
30 30 0
4 4 0
4 4 0
4 4 0
4 4 0
4 4 0
4 4 0
4 4 0
2 2 0
2 2 0
40 40 0
44 44 0
30 30 0
8 8 1
37 37 0
-1 51 0
84 84 0
2 2 0
2 2 0
-1 4 1
14 14 0
60 60 0
-1 6 0
8 8 0
6 6 1
-1 8 1
6 6 0
8 8 1
-1 8 1
6 6 0
-1 4 0
46 46 0
34 34 0
4 4 0
6 6 0
4 4 0
4 4 1
2 2 0
70 70 1
10 10 1
-1 4 1
-1 4 1
-1 4 1
8 8 1
6 6 1
27 27 1
80 80 1
66 66 0
-1 4 1
11 11 1
3 3 0
8 8 1
8 8 0
-1 10 0
-1 10 0
4 4 0
36 36 0
6 6 0
8 8 0
85 85 0
22 22 1
8 8 1
191 191 1
11 11 0
6 6 0
107 107 1
6 6 1
7 7 0
7 7 1
-1 12 1
-1 6 1
30 30 1
3 3 0
3 3 1
30 30 1
7 7 0
65 65 1
4 4 1
71 71 1
10 10 1
6 6 0
2 2 1
-1 4 1
-1 4 1
-1 4 1
4 4 1
29 29 1
6 6 0
-1 43 1
10 10 0
10 10 1
3 3 1
-1 4 0
-1 32 1
32 32 1
6 6 1
36 36 1
34 34 1
33 33 1
8 8 0
10 10 0
6 6 0
5 5 0
6 6 0
-1 6 1
-1 4 1
-1 4 1
-1 4 1
13 13 1
67 67 1
59 59 1
60 60 1
8 8 1
10 10 1
2 2 0
2 2 1
2 2 0
-1 16 0
2 2 0
18 18 0
18 18 0
8 8 0
8 8 1
-1 4 1
25 25 1
10 10 1
4 4 1
-1 8 1
8 8 0
14 14 1
-1 4 0
4 4 0
6 6 0
2 2 0
2 2 0
8 8 0
8 8 1
268 268 1
6 6 0
8 8 1
6 6 0
54 54 1
30 30 0
54 54 0
58 58 0
15 15 1
8 8 1
6 6 1
8 8 1
4 4 0
-1 4 0
32 32 0
5 5 0
2 2 0
-1 8 1
10 10 1
6 6 0
8 8 1
6 6 0
18 18 1
8 8 1
6 6 1
3 3 0
6 6 0
14 14 1
-1 69 1
-1 62 1
-1 63 1
8 8 1
25 25 1
10 10 1
-1 7 1
26 26 1
-1 12 1
-1 12 0
4 4 1
14 14 0
-1 5 1
2 2 0
4 4 1
14 14 0
50 50 1
18 18 1
6 6 1
2 2 0
3 3 1
14 14 1
20 20 1
3 3 1
8 8 1
-1 12 1
86 86 1
6 6 1
-1 16 1
4 4 1
6 6 1
10 10 1
10 10 1
22 22 1
8 8 1
-1 9 1
11 11 0
2 2 0
9 9 0
-1 6 0
-1 65 0
4 4 0
-1 7 0
3 3 0
66 66 1
5 5 0
2 2 0
6 6 0
26 26 0
-1 4 0
4 4 0
6 6 0
14 14 0
12 12 0
10 10 0
6 6 0
10 10 0
6 6 0
6 6 0
2 2 0
6 6 0
4 4 0
-1 6 0
-1 6 0
12 12 0
2 2 0
19 19 1
10 10 0
10 10 0
5 5 0
6 6 0
7 7 0
6 6 0
-1 4 0
2 2 0
-1 4 0
-1 4 0
-1 71 1
-1 65 1
-1 64 1
-1 45 1
-1 4 0
-1 29 0
-1 6 0
10 10 0
17 17 0
-1 8 0
2 2 0
6 6 0
3 3 0
-1 68 0
3 3 0
7 7 0
7 7 0
10 10 0
12 12 0
10 10 0
8 8 0
10 10 0
8 8 0
14 14 0
8 8 0
10 10 0
8 8 0
6 6 0
4 4 0
-1 10 0
2 2 0
2 2 0
-1 19 1
34 34 1
2 2 0
-1 8 0
-1 10 0
-1 16 0
109 109 0
2 2 0
10 10 0
9 9 1
7 7 1
10 10 1
10 10 0
8 8 0
-1 8 0
6 6 0
28 28 1
27 27 1
30 30 1
26 26 1
27 27 1
26 26 1
27 27 1
27 27 1
50 50 1
51 51 1
51 51 1
27 27 0
126 126 0
6 6 0
30 30 0
6 6 0
-1 4 1
24 24 1
-1 4 1
-1 4 1
-1 4 1
-1 4 1
-1 4 1
-1 4 1
-1 45 1
5 5 0
5 5 1
26 26 1
-1 10 1
2 2 0
10 10 1
30 30 1
10 10 1
30 30 1
-1 80 1
-1 73 1
-1 74 1
26 26 1
4 4 1
6 6 1
-1 4 1
-1 4 1
7 7 1
6 6 1
-1 9 1
7 7 1
2 2 1
-1 28 1
-1 28 1
14 14 1
6 6 0
50 50 0
-1 8 1
4 4 0
288 288 1
12 12 1
-1 8 1
7 7 1
-1 12 0
7 7 0
29 29 1
28 28 1
-1 4 1
10 10 0
-1 41 0
6 6 0
2 2 0
-1 74 0
-1 4 0
-1 28 0
2 2 0
4 4 0
-1 8 0
31 31 1
-1 4 1
-1 4 1
-1 4 1
-1 4 1
-1 28 1
-1 28 1
-1 45 1
8 8 1
11 11 1
9 9 1
8 8 1
6 6 0
-1 4 0
12 12 0
-1 22 1
6 6 0
2 2 0
6 6 0
-1 8 0
18 18 0
7 7 0
6 6 0
12 12 0
10 10 0
16 16 0
10 10 0
16 16 0
-1 8 0
10 10 0
17 17 0
4 4 0
8 8 0
4 4 0
8 8 0
4 4 0
6 6 0
2 2 0
6 6 0
4 4 0
6 6 0
4 4 0
2 2 0
6 6 0
6 6 0
2 2 0
2 2 0
4 4 0
10 10 0
-1 4 0
8 8 0
8 8 0
0
-1 16 0
18 18 0
-1 13 0
-1 4 0
-1 23 1
17 17 1
-1 4 0
8 8 1
102 102 1
-1 4 0
-1 4 0
14 14 1
-1 28 0
-1 28 0
2 2 0
-1 4 1
-1 4 1
2 2 1
-1 5 1
4 4 0
-1 8 0
-1 84 1
-1 77 1
-1 78 1
-1 33 1
7 7 1
-1 40 0
8 8 1
8 8 1
8 8 1
8 8 1
18 18 1
22 22 1
2 2 1
11 11 1
2 2 1
11 11 1
11 11 1
-1 7 1
11 11 1
11 11 1
11 11 1
-1 24 1
75 75 1
-1 64 1
3 3 1
11 11 1
12 12 1
11 11 1
12 12 1
6 6 1
48 48 1
6 6 1
7 7 1
2 2 1
26 26 1
27 27 1
2 2 1
10 10 1
2 2 1
-1 8 1
143 143 1
-1 6 1
-1 6 0
6 6 1
-1 86 1
-1 79 1
-1 80 1
269 269 1
3 3 0
4 4 1
45 45 1
47 47 1
47 47 1
56 56 1
-1 4 1
-1 4 1
-1 28 1
-1 28 1
14 14 1
12 12 1
26 26 0
6 6 1
14 14 1
2 2 1
23 23 1
2 2 1
-1 8 1
2 2 1
3 3 1
2 2 1
21 21 1
3 3 1
5 5 1
-1 12 1
36 36 1
6 6 1
7 7 1
8 8 1
3 3 1
6 6 0
6 6 0
10 10 6
10 10 6
-1 45 6
6 6 1
7 7 1
106 106 1
2 2 2
2 2 2
2 2 2
2 2 2
2 2 2
2 2 2
2 2 2

